P=  [2.7272727e-001  0.0000000e+000  0.0000000e+000  4.5454545e-002  0.0000000e+000  4.5454545e-002  9.0909091e-002  1.3636364e-001  1.8181818e-001  0.0000000e+000  9.0909091e-002  4.5454545e-002  0.0000000e+000  0.0000000e+000  4.5454545e-002  0.0000000e+000  4.5454545e-002  0.0000000e+000  0.0000000e+000  0.0000000e+000  0.0000000e+000  0.0000000e+000  0.0000000e+000  0.0000000e+000  0.0000000e+000  0.0000000e+000  0.0000000e+000  0.0000000e+000  0.0000000e+000  0.0000000e+000  0.0000000e+000  0.0000000e+000  0.0000000e+000  0.0000000e+000  0.0000000e+000  0.0000000e+000  0.0000000e+000  0.0000000e+000  0.0000000e+000  0.0000000e+000  0.0000000e+000  0.0000000e+000;
  0.0000000e+000  1.6111111e-001  6.6666667e-002  1.2222222e-001  9.1666667e-002  1.1944444e-001  1.2222222e-001  8.0555556e-002  6.1111111e-002  5.2777778e-002  3.0555556e-002  1.6666667e-002  1.1111111e-002  8.3333333e-003  5.5555556e-003  8.3333333e-003  2.7777778e-003  5.5555556e-003  2.7777778e-003  5.5555556e-003  0.0000000e+000  0.0000000e+000  5.5555556e-003  5.5555556e-003  2.7777778e-003  2.7777778e-003  0.0000000e+000  5.5555556e-003  0.0000000e+000  0.0000000e+000  0.0000000e+000  2.7777778e-003  0.0000000e+000  0.0000000e+000  0.0000000e+000  0.0000000e+000  0.0000000e+000  0.0000000e+000  0.0000000e+000  0.0000000e+000  0.0000000e+000  0.0000000e+000;
  0.0000000e+000  1.0610080e-002  1.7948718e-001  1.6312997e-001  1.8213970e-001  1.9319187e-001  1.2953139e-001  6.3660477e-002  2.4756852e-002  1.5473033e-002  1.5030946e-002  8.3996463e-003  3.5366932e-003  1.7683466e-003  0.0000000e+000  3.0946065e-003  4.4208665e-004  4.4208665e-004  1.7683466e-003  4.4208665e-004  4.4208665e-004  4.4208665e-004  4.4208665e-004  4.4208665e-004  0.0000000e+000  0.0000000e+000  1.3262599e-003  0.0000000e+000  0.0000000e+000  0.0000000e+000  0.0000000e+000  0.0000000e+000  0.0000000e+000  0.0000000e+000  0.0000000e+000  0.0000000e+000  0.0000000e+000  0.0000000e+000  0.0000000e+000  0.0000000e+000  0.0000000e+000  0.0000000e+000;
  1.6268098e-004  7.1579632e-003  6.0029283e-002  2.7200260e-001  2.8469172e-001  2.1213600e-001  9.2728160e-002  3.3349601e-002  1.7732227e-002  8.9474540e-003  3.5789816e-003  2.4402147e-003  4.8804295e-004  6.5072393e-004  9.7608590e-004  9.7608590e-004  4.8804295e-004  3.2536197e-004  1.6268098e-004  0.0000000e+000  1.6268098e-004  0.0000000e+000  1.6268098e-004  1.6268098e-004  0.0000000e+000  3.2536197e-004  0.0000000e+000  1.6268098e-004  0.0000000e+000  0.0000000e+000  0.0000000e+000  0.0000000e+000  0.0000000e+000  0.0000000e+000  0.0000000e+000  0.0000000e+000  0.0000000e+000  0.0000000e+000  0.0000000e+000  0.0000000e+000  0.0000000e+000  0.0000000e+000;
  0.0000000e+000  4.2569659e-003  5.3147575e-002  2.2574819e-001  3.8725490e-001  2.0485036e-001  7.1465428e-002  2.6186791e-002  1.4834881e-002  5.4179567e-003  2.3219814e-003  1.1609907e-003  1.1609907e-003  2.5799794e-004  6.4499484e-004  0.0000000e+000  3.8699690e-004  2.5799794e-004  1.2899897e-004  1.2899897e-004  0.0000000e+000  0.0000000e+000  0.0000000e+000  1.2899897e-004  0.0000000e+000  0.0000000e+000  1.2899897e-004  0.0000000e+000  1.2899897e-004  0.0000000e+000  0.0000000e+000  0.0000000e+000  0.0000000e+000  0.0000000e+000  0.0000000e+000  0.0000000e+000  0.0000000e+000  0.0000000e+000  0.0000000e+000  0.0000000e+000  0.0000000e+000  0.0000000e+000;
  1.7562346e-004  7.5518089e-003  7.6747453e-002  2.2901300e-001  2.7889006e-001  2.5605901e-001  8.8514226e-002  3.4422199e-002  1.3698630e-002  7.3761855e-003  2.6343519e-003  2.1074816e-003  3.5124693e-004  3.5124693e-004  1.7562346e-004  7.0249385e-004  0.0000000e+000  3.5124693e-004  0.0000000e+000  1.7562346e-004  0.0000000e+000  0.0000000e+000  0.0000000e+000  0.0000000e+000  3.5124693e-004  0.0000000e+000  0.0000000e+000  3.5124693e-004  0.0000000e+000  0.0000000e+000  0.0000000e+000  0.0000000e+000  0.0000000e+000  0.0000000e+000  0.0000000e+000  0.0000000e+000  0.0000000e+000  0.0000000e+000  0.0000000e+000  0.0000000e+000  0.0000000e+000  0.0000000e+000;
  7.1684588e-004  1.5770609e-002  1.0501792e-001  2.0430108e-001  1.9856631e-001  1.8064516e-001  1.8637993e-001  5.4480287e-002  2.9749104e-002  9.3189964e-003  5.3763441e-003  1.4336918e-003  2.5089606e-003  1.7921147e-003  7.1684588e-004  1.0752688e-003  0.0000000e+000  0.0000000e+000  3.5842294e-004  0.0000000e+000  3.5842294e-004  7.1684588e-004  0.0000000e+000  3.5842294e-004  0.0000000e+000  3.5842294e-004  0.0000000e+000  0.0000000e+000  0.0000000e+000  0.0000000e+000  0.0000000e+000  0.0000000e+000  0.0000000e+000  0.0000000e+000  0.0000000e+000  0.0000000e+000  0.0000000e+000  0.0000000e+000  0.0000000e+000  0.0000000e+000  0.0000000e+000  0.0000000e+000;
  2.3183926e-003  2.2411128e-002  1.1128284e-001  1.5842349e-001  1.5687790e-001  1.5146832e-001  1.1746522e-001  1.6228748e-001  5.7187017e-002  2.0865533e-002  1.1591963e-002  7.7279753e-003  5.4095827e-003  1.5455951e-003  2.3183926e-003  2.3183926e-003  0.0000000e+000  1.5455951e-003  7.7279753e-004  7.7279753e-004  1.5455951e-003  0.0000000e+000  0.0000000e+000  7.7279753e-004  0.0000000e+000  1.5455951e-003  7.7279753e-004  7.7279753e-004  0.0000000e+000  0.0000000e+000  0.0000000e+000  0.0000000e+000  0.0000000e+000  0.0000000e+000  0.0000000e+000  0.0000000e+000  0.0000000e+000  0.0000000e+000  0.0000000e+000  0.0000000e+000  0.0000000e+000  0.0000000e+000;
  5.5096419e-003  3.0303030e-002  7.7134986e-002  1.5013774e-001  1.5840220e-001  1.0743802e-001  1.1432507e-001  1.0192837e-001  1.2947658e-001  3.7190083e-002  2.6170799e-002  1.5151515e-002  9.6418733e-003  4.1322314e-003  4.1322314e-003  1.3774105e-003  4.1322314e-003  0.0000000e+000  0.0000000e+000  2.7548209e-003  0.0000000e+000  2.7548209e-003  1.3774105e-003  0.0000000e+000  4.1322314e-003  2.7548209e-003  4.1322314e-003  0.0000000e+000  2.7548209e-003  1.3774105e-003  1.3774105e-003  0.0000000e+000  0.0000000e+000  0.0000000e+000  0.0000000e+000  0.0000000e+000  0.0000000e+000  0.0000000e+000  0.0000000e+000  0.0000000e+000  0.0000000e+000  0.0000000e+000;
  0.0000000e+000  4.7738693e-002  8.7939698e-002  1.3819095e-001  1.0552764e-001  1.0552764e-001  6.5326633e-002  6.7839196e-002  6.7839196e-002  1.4572864e-001  6.5326633e-002  3.7688442e-002  1.5075377e-002  5.0251256e-003  7.5376884e-003  1.0050251e-002  7.5376884e-003  2.5125628e-003  0.0000000e+000  0.0000000e+000  0.0000000e+000  0.0000000e+000  2.5125628e-003  2.5125628e-003  2.5125628e-003  0.0000000e+000  5.0251256e-003  0.0000000e+000  2.5125628e-003  0.0000000e+000  2.5125628e-003  0.0000000e+000  0.0000000e+000  0.0000000e+000  0.0000000e+000  0.0000000e+000  0.0000000e+000  0.0000000e+000  0.0000000e+000  0.0000000e+000  0.0000000e+000  0.0000000e+000;
  6.8027211e-003  3.7414966e-002  1.1564626e-001  7.4829932e-002  6.1224490e-002  5.1020408e-002  5.1020408e-002  5.1020408e-002  6.4625850e-002  8.8435374e-002  1.7006803e-001  3.4013605e-002  3.0612245e-002  2.0408163e-002  2.3809524e-002  1.0204082e-002  1.0204082e-002  1.3605442e-002  1.0204082e-002  1.0204082e-002  6.8027211e-003  6.8027211e-003  1.7006803e-002  3.4013605e-003  1.0204082e-002  0.0000000e+000  1.3605442e-002  0.0000000e+000  3.4013605e-003  0.0000000e+000  0.0000000e+000  0.0000000e+000  0.0000000e+000  3.4013605e-003  0.0000000e+000  0.0000000e+000  0.0000000e+000  0.0000000e+000  0.0000000e+000  0.0000000e+000  0.0000000e+000  0.0000000e+000;
